6.30
10.20
13.00
13.80
16.80
17.60
18.40
18.10
19.10
20.10
21.10
23.90
24.60
25.20
25.90
26.30
26.40
26.20
27.50
27.30
26.60
25.60
25.00
24.50
22.30
21.70
21.40
21.10
20.40
19.80
19.40
19.00
20.10
19.70
19.50
19.20
19.20
19.10
19.10
17.70
17.70
17.60
17.70
18.00
18.30
19.10
19.90
18.30
16.70
17.60
16.20
16.20
16.20
16.30
16.50
16.80
16.70
16.50
14.20
13.70
13.10
12.70
11.90
11.20
10.60
9.90
9.50
9.10
8.40
8.20
8.00
8.00
8.20
8.30
8.40
8.60
8.70
9.20
9.80
10.10
10.30
10.70
11.20
11.60
12.20
12.80
13.00
13.60
14.30
15.00
15.60
15.90
16.30
17.20
17.20
17.20
17.50
17.40
17.10
16.70
16.30
15.90
15.40
14.60
14.20
13.70
13.20
12.70
12.00
11.30
10.60
10.20
10.50
10.20
9.90
9.90
9.90
9.70
9.00
8.80
8.80
8.60
8.70
8.60
8.50
8.60
8.50
8.60
8.80
8.80
9.10
9.60
10.10
10.60
11.10
11.50
12.20
12.70
13.10
13.50
13.30
13.50
13.90
14.00
14.20
14.10
14.00
14.20
14.50
14.50
14.30
14.30
14.10
14.00
14.10
14.30
13.80
13.70
13.60
13.80
13.40
12.70
12.00
11.80
11.30
11.00
10.90
10.80
10.90
10.80
10.90
11.00
11.40
11.50
11.80
12.10
12.20
12.90
13.60
13.80
13.60
15.70
17.80
17.80
19.20
19.00
19.10
22.70
22.60
22.70
22.40
21.70
21.30
20.70
20.30
18.40
17.90
17.20
16.90
16.60
16.20
16.00
15.90
15.70
17.10
17.00
17.00
17.50
18.00
18.50
17.60
18.10
18.60
19.30
20.10
20.80
21.60
22.60
24.90
25.70
26.40
27.10
27.20
27.20
27.50
27.90
25.90
25.60
23.20
20.90
18.70
18.00
17.10
16.40
13.80
12.90
12.40
12.00
11.50
10.80
10.20
9.70
9.10
8.80
8.70
8.10
7.80
8.00
8.00
8.10
8.00
8.40
9.00
9.60
10.20
10.70
11.40
11.70
11.90
12.50
13.00
13.10
13.40
13.10
12.90
13.00
12.60
12.20
12.20
11.90
11.70
11.80
11.80
11.70
11.60
11.50
11.70
11.60
11.40
11.30
11.30
11.40
11.60
11.70
11.70
11.60
11.80
12.20
12.40
12.80
13.20
14.10
14.50
14.60
15.10
15.50
15.40
15.80
16.30
17.90
18.20
19.00
19.00
19.00
18.50
17.90
17.70
17.40
17.00
16.60
16.50
16.00
15.80
14.00
13.10
12.80
12.10
12.20
14.50
15.70
15.60
15.70
15.80
15.80
15.80
16.30
17.90
17.70
17.80
17.80
17.90
18.00
17.90
17.00
17.10
17.40
18.30
18.90
17.30
15.50
13.90
13.50
14.00
14.00
13.80
15.70
13.90
13.70
13.90
14.20
14.50
14.70
14.80
15.10
15.50
15.40
15.60
18.80
21.70
21.90
24.00
24.90
25.40
27.80
31.20
30.50
30.80
30.70
30.30
29.70
29.40
28.80
28.90
31.00
30.00
29.40
28.70
28.40
26.60
24.70
24.70
23.90
23.70
26.20
24.40
24.10
25.60
25.30
25.40
25.60
27.50
27.60
27.80
28.50
29.30
31.60
31.90
30.70
30.90
31.70
33.40
35.10
35.80
37.10
38.10
38.40
36.70
38.10
39.40
41.00
38.30
36.50
36.60
37.70
38.90
40.80
41.90
42.00
45.00
48.10
48.80
49.60
51.10
52.80
53.90
56.00
56.60
57.00
57.70
57.60
57.00
56.70
56.50
54.50
54.50
54.80
54.50
54.40
56.00
53.60
53.30
53.20
52.90
52.40
52.50
52.40
52.00
50.20
49.70
49.50
48.90
48.70
48.20
48.30
48.20
48.40
48.70
48.50
48.70
49.20
49.40
50.10
50.40
50.70
51.30
51.90
52.40
52.70
52.50
52.30
52.60
54.60
56.00
55.50
56.20
58.30
58.50
58.60
59.20
60.60
62.80
63.30
64.90
64.80
65.60
64.60
62.20
62.20
62.10
62.00
64.30
64.30
62.50
62.90
64.00
62.60
61.40
60.30
60.30
62.30
61.00
64.40
62.70
62.60
61.80
61.60
61.00
60.60
56.80
52.50
50.90
51.80
51.70
55.50
49.60
47.90
46.50
46.20
45.80
45.20
44.60
44.40
44.40
43.50
42.90
43.40
43.60
44.20
45.00
45.70
46.00
47.00
49.10
50.20
51.00
52.30
53.30
55.60
55.40
56.20
56.10
56.20
56.30
56.40
56.80
58.40
60.00
59.50
58.90
58.90
60.10
64.40
64.10
64.20
66.10
69.20
68.70
67.40
68.30
68.80
67.90
68.30
68.80
68.70
68.60
67.60
65.60
65.80
65.90
64.30
66.60
64.70
65.10
66.40
68.30
65.70
64.40
62.90
65.30
62.90
61.50
61.40
60.00
59.50
57.90
55.80
56.60
58.30
56.60
57.40
60.20
60.50
60.60
57.90
55.50
55.60
54.90
57.30
56.20
56.90
58.60
58.60
58.20
60.30
59.50
59.30
60.10
62.50
65.20
66.30
69.70
67.40
67.80
67.40
64.70
64.90
69.00
68.30
67.30
68.20
67.70
67.80
69.10
68.50
69.90
70.20
69.00
67.10
67.50
67.40
66.10
65.30
66.10
64.90
64.00
63.70
63.60
63.70
63.70
62.40
58.50
59.60
56.80
56.50
58.40
56.20
57.60
55.30
53.40
51.60
51.50
54.70
58.70
58.30
57.10
57.20
57.20
56.80
56.10
54.60
53.90
54.30
55.70
55.90
56.00
56.80
56.60
56.60
57.00
58.60
59.90
59.70
60.40
61.10
61.50
64.40
65.20
65.80
65.70
65.20
64.30
64.10
65.40
64.10
63.00
58.40
58.20
60.80
60.80
58.60
58.00
54.50
54.30
55.10
58.10
55.90
55.00
54.30
55.20
55.20
55.00
53.80
53.50
53.40
53.00
54.00
54.30
54.40
54.90
57.30
54.00
54.50
56.50
58.00
61.00
58.90
57.80
57.40
56.20
56.70