55.80
54.70
54.80
55.50
53.90
52.50
53.90
53.40
51.60
51.40
52.50
55.60
58.70
61.60
61.70
62.90
63.90
64.50
64.80
64.90
65.00
65.60
67.00
65.10
66.40
71.20
71.80
72.40
70.10
69.90
71.20
72.20
71.70
68.40
66.60
66.90
65.60
63.90
62.20
60.90
58.50
56.70
57.10
56.00
55.20
53.30
49.90
50.60
49.50
52.40
55.50
55.00
54.70
53.20
53.60
54.20
56.10
55.20
55.80
55.20
55.10
55.70
53.90
54.20
53.90
56.10
55.70
56.60
59.30
62.50
63.20
62.80
61.30
61.30
61.20
61.20
59.80
62.30
59.80
56.50
54.50
53.70
51.40
47.60
49.20
47.50
46.70
50.30
47.60
47.80
46.80
47.00
48.00
48.50
49.30
50.00
50.30
50.00
49.90
50.10
49.80
49.50
49.40
49.20
47.20
47.50
49.50
49.70
50.10
49.00
48.50
49.30
49.90
50.00
50.20
50.00
49.10
48.30
47.90
48.60
47.10
46.10
45.40
44.60
43.70
45.60
45.80
45.50
45.40
46.00
46.00
46.70
47.40
48.10
48.50
48.50
48.00
48.30
48.10
48.60
48.30
48.60
48.60
48.10
48.20
49.60
50.00
50.80
51.40
52.80
53.80
54.20
55.50
54.50
54.60
57.80
58.00
58.50
56.30
52.80
52.10
53.70
53.30
52.30
50.40
50.20
50.30
49.40
48.40
48.50
48.60
49.70
49.20
48.60
48.40
48.70
48.60
47.20
47.00
46.10
44.70
44.20
43.40
42.80
42.90
43.50
43.40
44.00
44.50
45.50
45.90
46.40
47.80
49.20
49.80
50.50
51.00
51.20
51.00
50.30
50.00
50.00
49.30
47.70
47.20
45.10
44.90
46.80
45.80
45.40
43.40
44.20
45.20
44.80
45.60
45.30
44.50
44.40
44.20
42.00
41.60
41.60
41.40
41.00
40.80
41.50
42.10
43.10
45.30
46.50
47.50
49.20
51.00
52.50
51.30
51.70
52.30
52.70
52.70
52.40
51.80
51.20
52.40
51.60
50.60
50.90
50.80
49.90
48.10
48.20
47.60
47.50
48.10
48.10
47.70
47.40
46.40
46.00
45.80
44.70
44.10
44.10
44.10
43.90
43.80
44.30
44.60
45.10
46.10
46.90
47.60
49.00
50.70
52.00
52.90
54.20
54.40
54.40
54.00
53.50
53.00
53.00
52.70
50.30
50.10
52.30
52.70
53.00
52.80
54.70
55.70
56.60
57.40
57.70
57.50
58.20
58.00
59.90
61.20
60.60
60.20
60.90
61.90
61.00
60.80
61.20
61.70
61.90
62.70
63.60
63.60
66.20
67.50
69.10
69.50
70.20
71.80
72.30
73.80
70.90
70.40
72.00
71.00
70.90
68.20
68.50
67.40
66.90
66.60
66.80
67.00
66.70
66.70
66.70
66.30
66.30
66.30
66.40
66.20
66.00
65.80
65.60
65.40
65.20
65.00
65.40
65.60
67.00
67.50
68.60
68.80
69.50
69.10
68.70
68.30
70.80
70.80
71.50
71.80
72.10
72.30
71.00
71.10
70.60
70.20
69.30
69.10
68.80
69.40
69.00
71.40
71.70
72.40
72.40
72.90
70.90
70.70
68.80
68.10
65.90
64.30
60.40
60.00
58.40
57.80
58.00
57.20
56.30
55.60
56.10
56.20
59.30
60.10
60.30
59.20
60.00
59.90
61.30
61.40
60.90
60.60
60.20
60.00
60.20
59.10
60.30
59.30
59.90
62.70
63.50
62.60
63.30
64.30
65.10
66.80
67.10
65.00
63.80
67.00
70.50
72.00
70.60
70.20
68.20
67.60
66.70
66.10
65.60
66.50
65.30
65.10
62.70
63.60
62.50
62.30
63.00
63.70
64.90
67.00
67.50
67.40
69.40
67.40
68.90
66.60
66.30
66.30
66.30
66.40
65.90
66.00
64.50
64.20
64.60
63.80
63.10
65.90
63.90
65.60
65.90
65.30
63.70
62.80
61.70
59.50
58.60
56.50
57.80
60.30
63.10
63.60
63.90
63.80
63.70
62.70
62.10
62.20
63.50
64.20
62.20
62.50
62.40
62.60
62.20
62.80
63.80
63.30
63.20
63.70
69.80
72.10
71.80
70.00
70.00
69.80
70.40
70.50
69.20
70.10
68.70
68.10
68.00
67.20
66.60
64.40
65.60
66.20
66.90
65.80
65.70
64.20
64.10
64.30
65.40
64.30
63.40
63.40
65.60
66.00
66.30
65.50
65.20
63.70
61.50
60.60
58.60
58.30
57.80
60.20
60.20
60.10
59.80
59.30
59.40
59.50
60.70
60.90
59.80
59.90
59.20
61.40
61.70
61.80
61.80
64.70
64.10
63.00
63.20
63.20
63.80
64.50
64.60
64.70
66.10
66.40
67.00
68.60
67.70
67.10
66.60
66.60
68.00
66.30
67.50
64.50
65.70
65.20
65.00
63.50
63.10
65.00
63.10
64.70
63.30
61.40
60.80
57.60
57.70
59.10
59.50
59.10
58.80
58.60
60.20
62.40
63.60
63.10
60.30
59.90
61.10
61.20
60.50
61.70
62.50
60.90
60.20
60.20
59.60
59.30
59.10
59.90
61.80
64.70
66.50
66.80
67.70
65.90
66.00
65.80
64.40
63.50
62.40
64.70
63.40
67.60
68.50
69.10
67.90
66.70
65.40
63.30
63.50
62.80
64.10
63.60
63.50
60.60
61.30
61.90
60.80
61.30
61.50
60.50
60.60
60.20
59.80
59.80
58.90
58.00
57.70
59.60
59.60
59.20
59.00
58.10
57.70
56.80
56.60
55.40
55.20
55.30
56.50
56.80
57.30
57.00
56.70
55.30
54.00
55.10
54.60
54.00
58.60
58.20
57.90
57.80
57.50
61.20
61.90
61.30
63.20
63.50
62.50
56.20
55.70
58.40
58.40
57.90
62.40
60.70
61.10
63.40
64.10
68.90
67.90
69.00
66.50
69.70
73.40
73.20
73.10
70.80
71.40
72.10
73.10
72.60
71.70
68.10
65.10
64.00
64.30
60.50
54.90
54.20
55.30
60.30
66.10
67.70
66.90
66.40
66.90
69.10
66.60
66.20
66.00
65.80
69.80
68.20
68.10
68.30
70.40